# Node Expansions
----------- ----------- ---------------- ---------
| Problems | A* (Tiles)| A*(M Distance) | #Steps |
 ---------- ----------- ---------------- ---------
| A        | 3         | 3              | 2      |
| B        | 8         | 7              | 6      |
| C        | 16        | 9              | 8      |
| D        | 45        | 23             | 10     |
| E        | 43        | 23             | 10     |
| F        | 108       | 18             | 12     |
| G        | 368       | 49             | 15     |
| H        | 2692      | 209            | 20     |
----------- ----------- ---------------- ---------

# Proof that eightPuzzle.py works correctly:
The following are the steps given by the program that solves 8 puzzles
on nexus:
Test A:
Total Nodes Expanded:  3
  1 3
8 2 4
7 6 5

1   3
8 2 4
7 6 5

1 2 3
8   4
7 6 5

Goal reached in 2 steps
-----------------------------
Test B:
Total Nodes Expanded:  7
1 3 4
8 6 2
  7 5

1 3 4
8 6 2
7   5

1 3 4
8   2
7 6 5

1 3 4
8 2
7 6 5

1 3
8 2 4
7 6 5

1   3
8 2 4
7 6 5

1 2 3
8   4
7 6 5

Goal reached in 6 steps
-----------------------------
Test C:
Total Nodes Expanded:  9
1 3
4 2 5
8 7 6

1   3
4 2 5
8 7 6

1 2 3
4   5
8 7 6

1 2 3
  4 5
8 7 6

1 2 3
8 4 5
  7 6

1 2 3
8 4 5
7   6

1 2 3
8 4 5
7 6

1 2 3
8 4
7 6 5

1 2 3
8   4
7 6 5

Goal reached in 8 steps
---------------------------
Test D:
Total Nodes Expanded:  23
7 1 2
8   3
6 5 4

7 1 2
  8 3
6 5 4

  1 2
7 8 3
6 5 4

1   2
7 8 3
6 5 4

1 2
7 8 3
6 5 4

1 2 3
7 8
6 5 4

1 2 3
7 8 4
6 5

1 2 3
7 8 4
6   5

1 2 3
7 8 4
  6 5

1 2 3
  8 4
7 6 5

1 2 3
8   4
7 6 5

Goal reached in 10 steps
--------------------------
Test E:
Total Nodes Expanded:  23
8 1 2
7   4
6 5 3

8 1 2
7 4
6 5 3

8 1 2
7 4 3
6 5

8 1 2
7 4 3
6   5

8 1 2
7 4 3
  6 5

8 1 2
  4 3
7 6 5

  1 2
8 4 3
7 6 5

1   2
8 4 3
7 6 5

1 2
8 4 3
7 6 5

1 2 3
8 4
7 6 5

1 2 3
8   4
7 6 5

Goal reached in 10 steps
---------------------------
Test F:
Total Nodes Expanded:  18
2 6 3
4   5
1 8 7

2 6 3
  4 5
1 8 7

2 6 3
1 4 5
  8 7

2 6 3
1 4 5
8   7

2 6 3
1 4 5
8 7

2 6 3
1 4
8 7 5

2 6 3
1   4
8 7 5

2   3
1 6 4
8 7 5

  2 3
1 6 4
8 7 5

1 2 3
  6 4
8 7 5

1 2 3
8 6 4
  7 5

1 2 3
8 6 4
7   5

1 2 3
8   4
7 6 5

Goal reached in 12 steps
--------------------------
Test G:
Total Nodes Expanded:  49
7 3 4
6 1 5
8   2

7 3 4
6 1 5
8 2

7 3 4
6 1
8 2 5

7 3
6 1 4
8 2 5

7   3
6 1 4
8 2 5

7 1 3
6   4
8 2 5

7 1 3
6 2 4
8   5

7 1 3
6 2 4
  8 5

7 1 3
  2 4
6 8 5

  1 3
7 2 4
6 8 5

1   3
7 2 4
6 8 5

1 2 3
7   4
6 8 5

1 2 3
7 8 4
6   5

1 2 3
7 8 4
  6 5

1 2 3
  8 4
7 6 5

1 2 3
8   4
7 6 5

Goal reached in 15 steps
---------------------------
Test H:
Total Nodes Expanded:  209
7 4 5
6   3
8 1 2

7 4 5
6 3
8 1 2

7 4
6 3 5
8 1 2

7   4
6 3 5
8 1 2

7 3 4
6   5
8 1 2

7 3 4
6 1 5
8   2

7 3 4
6 1 5
8 2

7 3 4
6 1
8 2 5

7 3
6 1 4
8 2 5

7   3
6 1 4
8 2 5

7 1 3
6   4
8 2 5

7 1 3
6 2 4
8   5

7 1 3
6 2 4
  8 5

7 1 3
  2 4
6 8 5

  1 3
7 2 4
6 8 5

1   3
7 2 4
6 8 5

1 2 3
7   4
6 8 5

1 2 3
7 8 4
6   5

1 2 3
7 8 4
  6 5

1 2 3
  8 4
7 6 5

1 2 3
8   4
7 6 5

Goal reached in 20 steps
